reference_latitude: 15.455296
reference_longitude: 73.8025609